$ANSIBLE_VAULT;1.1;AES256
30396665373131646635666131323664346562623738396332663966663235393431633564663862
6138376361643833333865336166313237316331613630380a363230383137363661383761383663
34333338366238623764616539326532303439313130386637613137326538373634373031653533
6135313865646331650a633764343033613330326630353935313034646137376434386535636538
39393530623537333635363261626433303566336134366663373762323637303633363866643735
38333066353763383466666436333866326233313162316363303666633162343532356665326231
62646132386338376264616436663531323335616466313137343039633632643064373366353632
30633335616239343330373338393933303566373031656662346639373934353831626464386233
31313839343437613865613265336561363265383736623238636133306361376162376433613763
38396464663637346236613766333931333066623730643830353933383561323739313236343261
38373036363035663365343264666233613436336133363738653765343035383338633137303466
34643232646534373433376433346438393531663066363434343862316239396365643738313964
35643735393766363738653165343664343539386561336235373561666134613431613538623561
39333433333930616461333235353837313230323438666263336132613939666466316364363436
61336362346266356131313331663039343737396362306339356537383164346233316533386461
65623931316135306462393430653762353937346265376261393366343439363939346139306261
39663165383163393565343834653564306334376234343965306463633762333232316362323937
37633032393063356361616233396662303031663830393761383038656366343533386566353163
37353236323430306564636637313036386163613733303735306265656261643132623761333835
66303233633464323839313033346135373939633031323231303339643963653163656138626539
63626562306337363366343066303330393434623830306438353034636234306135613630323234
35303031386265346233646566363536643534653364383330653961613737356161323036356538
64306566386666356463393663626239653464303532633731353835633966363936643035646333
63383331363262343539393138653739616662346439646461643562363266393233316336336266
39623063366666353330396239323931363162666633313331333738613432316566626634613664
64613965373333363264336633663431666262343235663961373961326335313439656335333733
39646663653965313034373632623763333634303035353962303161383764383061346338343136
33316561313966336338
