$ANSIBLE_VAULT;1.1;AES256
31373261303138663831633037383339353366343230333831303039343237623063663831383630
6432623135393536343263656138393336613230613766370a303366323335616237303462363264
37366664646261383665623430653833643632303235306631393635366635366636363334343361
3831323432646331340a313062616235666630343461306234316261626333643130323236363266
63316134323764353265626136373463303138336139316564346232363961373232313736663032
35336163636230326634383530313530653834336137633330643461393663613539646236363030
63633834313663633636313539396664323330613065663333393235613835393438396565343635
61323433316262373636316565643436663236386630383030316564336437616237313035353339
63336365666631633139666562326439616533393264333566626562616465366533633763303531
64383432623666646363386637333662656162656631333333383832353533323034626230323734
64303065333533366561613463336264663766323134306665626461663730326131353666633937
63306363316139643833343332333136653063623964646438643134656338373930623436336237
36376633393062323637383466383235306634616237343964353430366465623264646261613938
63333466323463386633613435383866356233633465323838313065323835376639306662356434
63653464613033393661313763333162373537356138323361323162393233353437353733613330
31346535363565656231663536643937653861613135353139326235613664373733316231363562
36633963316535316561363735653163383137663936323965636365323466303463346563363432
66376638373964366139386464376332313330316138616430313935396136646436663534396135
66366630353064653636383662303163386635333263336465333064343733663662343937666130
38653037633762363930653539646335656465393963326431636437616663323163623630393639
61356665366130376130353537356337316339336637323561663762306261326466303463336165
63376135633935303135356134356138306261376361346231303730393230306261346264656262
38666462396633643365653635623136393936383832383062343037653661353139313431386562
38313739663136326263633834653763633031666136333166626164366265646232316438623938
37323435336665393539366132313561386636666465336536623563663136353531613838376235
36663631393233333666393132633134343735316163633239666464663064376562643764376566
32386139636631666131353734363030613635343862313264663761616666373536333033326234
62386235636435636662
