$ANSIBLE_VAULT;1.1;AES256
62393035333462316531623334316236626233393238353361643933323535303837636231663038
3161656561363035623739376132623932383835666538390a633533633665643138656138663937
62623363663537333763666437316463346664636666626364366634646164613239643733656561
3564393465346633330a643339636565363133313935366463623136383963633334633539666338
66613663333739613461343364373966383863373663326334356333626262323462373961616237
63383262313336646265646563623434643134626630363834663166356334346338313563316235
31616638313037386665636665393065373338346261343234643336666265623839316336376335
39633439306139643564613332623033376534653932656163386435393037393538613865356235
64613466306363613661326465393631316563396334366330356334373539366136663738623533
33626337356638346336643933643361303930323863343666386637343566313465333939613963
62333766636138356633336165613837373964663964626234373866373639356165633963366339
66636164633338346266373736303635336239356364643939646562303136366565373862633130
35366433626561636261383037376638376334376165663331396532336461323438616431663966
65316634386637643266396264663835366664623231643737323931653663643762303162373232
61333463643137303232396563333165333765636535383565333037643366646433646539373962
66653331663366343064326533303133343138663439333965323463383231656562643435323238
38373632336566323263363062643566353537353432616663643635653933303433666131613839
37363264613932613032333633376631383862383937306133346164346564663637363630633131
62396335666364653636396530663239343162346366333762623566323262336530656461316538
62323364663066316133353938313865613064343337656465326165313039633337666335396462
39626561626666363737333138616366633331306232343663313730643061623865636234356137
6134656265323035336334316133646430396662333366343364
