$ANSIBLE_VAULT;1.1;AES256
39376637393834616661636430303333316536326165656461366234623065653632363438653531
3537366336636537366337393066666431333732646136620a636665336433326161393662326166
34323233626337313161333761323263613730616663336231343636386238343634333339333662
6639636464366265640a643933666634626532363561613637636164666135303464313931306663
36386433303234356261303432646162303366666662383338386139633562313039303035303634
37303537326636373366643130373036613465383535356332643038356634636265386633326433
34636535666238623937386664326133663732616265663766653436356562353435353964313432
64363964346231366538323833663537306161613135343531643663363832333566666263633531
64356663623739373239373031386432376233303466663764396435616163306362653833626563
34633634626532643535653938303837643865636338353662303737316463613134393163613339
66353034333765353337353163663335313532373465376531363436613733376338393862393365
62343932376635666438363264666335373135363665633537616666363236386162633930323330
36336331363064323163336630333134356364643565633364353130326433653361303038386163
37373265616235323563303836646430353866356431313763346331613332643637336633386464
32346566303031363439386531653933313230663136306132393336353137353139636630373462
39616433356166333463363036616131646361353630336664613032643464383438363030373563
31383738333830616563363232626664376561326562333939656163333030383439623535653137
32356161313433313862346361646561383565663633616536336564613836323664313864633466
38376532393165653764326235396366393366366337666466346232333463383434656232346435
36646564646637613163613663383035626637363062383236306232363566613539376235383262
31333831316163383665303730613132306439383439326461303334383535373736386433386139
63646465396266316266336333343034636565336663663632656435336561343564303765376433
66383164393861373130366338623062313961376231316165643631643439343936323061613438
66623933396465626137386436313238323832613032326631646366303466356432383031313138
38626631323630333831373637316537633638643862356533653563623736653433376639393430
61306231333664666436633331663961376638336633313266313734343763323939346566643065
30393239663632636238623164656639653339336435623438623238633931363931303763343630
63353631616565353534653766326435373565333864373531303866313564623263633561396231
30383766356633626337333164303933313335623139366237663538663832303761376165303363
34626438346161383538353066623138663562343738383066616262363231643761396237663863
30303065383264363732326634383133616462343333396239323937333039623134303562346637
30313766626565336231383638366232383037326632373864343132656362313931646335333366
65366637363866333133633163626361373132663133656330613138353864336530316339623739
35323135376563313766616633316338656335633763336630386162383032356265653132623033
66623062393333636236356362643032356336373264383636363463643762313034306533353363
38616462616434613732333831343364643034633864336438383133616436663461316330306438
61356632616436336434653961396261653831643335376139303533633735343930656138376138
30333937336335623639633064656138663866643231383961376539616537393165623930373565
31366630373966386366366639316336643264643230623266343164623139623934653731316135
61653733623061333961643064393265346161643236366630656362366532306436386131656236
37616638353164373161336436373764396562656532623161626336333965323831373838343933
36653263316235343231343439356566373663616564663866326633653736663231393737613131
30633362353138396533626165616638306333663834396362636661306332326138613239646162
31373764663065336364316336633335366334343136613864386635643135383165343737626533
61636638306631323562656162626261623266656636303239353864353435383561643631363234
35353632396135636634343532386135633839316465376137633333616530346461663830613462
31356136653130353434376638363333643861356565613331313637353766393965623030383132
31303965393933356164306462393639393661383162303663366134326665653735633661326236
35306666393631623565303632616532313739376465316636383635653762323330356265396136
65323536303730663639323933323861363736383862653165303063666465333535633630323662
36316566373161386465356235363331666537363364373130633130626336623433623832376337
31643034653230306662363834633966353364626339353237356465346561366233323832383136
38343661326262356632613235393130623462353231636362656364393934306538383533363338
34633331333736303366666666663535336337336539363365303966633239616532306538376134
38343261663534363665666632353566626531393639353234353239396362633965373165383064
62623961613636653438343762386438326232623439613733303862626336663335656632653132
30613037656263396232353532386538323633323464323365636634343530626332656661666635
61386332393438366233383938613933636265313534656439386637353239353166616339653163
33663531333630343735393834643464383539303661636362633766383037656232643832353064
36313836323766656535353366626334343332303063393461326639323537363362366336663637
63376365363361383230306137313237306539316437663234386332353133356234313938363062
34313531333539323231353233363835323436396134373537363938666132666337353736653937
33366234333565336562393862616435383464383838616537396161376166383737353630326563
62626231633662373033643061643962343239316236653836363362373037633961376163316531
34336164353364313364636434633664313633333131653132633939653839613039323335383535
61396233323361336464373166366432663937303461623939373638636139323438383335643964
633636626437343233303761323766666364
